# e1		e2		e3		i		s1		s2		s3		sc		t		tc		uf
0.0	0.0	0.0	0	0.0	0.0	0.0	0	0.0	0	nan
-6.844926703305394e-06	-6.844926702639256e-06	-6.844926702861301e-06	40	-187267.22432324494	-99793.55712027155	-212961.65069365685	0	0.0001821037692229096	0	0.654684318253537
-1.21202706225216e-05	-1.4720068491020292e-05	-9.198915799720276e-06	80	-249442.9135635416	-181570.9817416701	-249535.83222627893	0	0.00032283648288723867	0	0.23074627471716352
-1.1720104013157866e-05	-1.885828281920342e-05	-1.0093172152693852e-05	120	-250434.324794458	-250740.46539785698	-249816.7415781126	0	0.0004635691734673902	0	0.17029092271813426
-9.875984993968035e-06	-1.8808699265037963e-05	-1.0983080075681928e-05	160	-250167.4122047341	-250011.27312626687	-249864.82106361128	0	0.0006043018836272653	0	0.11324794681180063
-1.0061401128906273e-05	-1.881121767759181e-05	-1.0992914683292033e-05	200	-249801.6918236113	-249996.340934583	-250078.67636439967	0	0.0007450346514928806	0	0.07126966285939411
-1.0854394527708778e-05	-1.8757835079024035e-05	-1.0672572822760163e-05	240	-249963.69636900895	-250015.2280155256	-250069.1636499558	0	0.0008857673989661437	0	0.04918324121834615
-1.076081815147643e-05	-1.8709197544929237e-05	-1.043147209336812e-05	280	-250068.78504676285	-249991.15832393628	-250053.01228408262	0	0.0010265001229740264	0	0.031237520628815865
-1.0540822252868513e-05	-1.8813445765587912e-05	-1.021348979014277e-05	320	-249989.71009610555	-249985.23034636234	-250032.98974195673	0	0.001167232854831376	0	0.024637096200654043
-1.0628444774407363e-05	-1.8906284272331482e-05	-1.0197712093733435e-05	360	-249968.66725810722	-250000.59983487008	-249988.2477280498	0	0.0013079655825213496	0	0.014915337938146197
-1.0682139943977029e-05	-1.885477743218219e-05	-1.0247892639512281e-05	400	-250004.90531672028	-250011.37606437804	-249984.72339057975	0	0.0014486983049121073	0	0.010776718263228171
-1.0647676303081207e-05	-1.8793534112890053e-05	-1.0330335850378884e-05	440	-250006.9138333237	-249999.70482109385	-249979.999008918	0	0.0015894310309514633	0	0.007731383876381011
-1.0626423355098077e-05	-1.8808956539638e-05	-1.0391005920428907e-05	480	-250003.33960828293	-249997.5033046836	-249994.35609089525	0	0.0017301637614921513	0	0.005450363486061503
-1.0620836863321806e-05	-1.8818348066689306e-05	-1.039393672406674e-05	520	-249999.57681311126	-250000.30773843938	-250002.0103641927	0	0.0018708964919518646	0	0.003570857785454792
-1.0624357868463418e-05	-1.881264186606077e-05	-1.0385742530761061e-05	560	-249998.62982958788	-250000.0193423329	-250003.40435358	0	0.0020116292222107915	0	0.0022642895480839537
-1.0628778232437786e-05	-1.881393922415304e-05	-1.0364842894727092e-05	600	-249998.97734190614	-249999.34310786254	-250006.69529257435	0	0.002152361952699121	0	0.0014736348925849993
-4.338311422665906e-09	-5.9653397824324704e-09	-1.1656271310851469e-09	640	-249999.29536074458	-249999.37330726546	-250501.99470506966	0	0.002293094682194261	0	0.0014387088395202518
-4.770055879603743e-09	-7.095956567075481e-09	-4.8531907874211966e-08	680	-250000.56704973977	-250000.4766658133	-251537.8760995897	0	0.0024338274113328458	0	0.0016412212630837065
-1.1382129652872118e-09	-1.6105879897305607e-09	-1.2680512325196292e-07	720	-250001.24753835567	-250000.73523530195	-252967.07372759643	0	0.0025745601410737872	0	0.001964879674949895
5.965120609758822e-09	6.47264049696749e-09	-2.257542091512689e-07	760	-250002.19729249852	-250001.118034148	-254406.89858456588	0	0.0027152928718693885	0	0.0016785091210921573
1.722902432766523e-08	1.6358831395171168e-08	-3.385348722437546e-07	800	-250002.95299213604	-250001.16986277414	-255889.0894306713	0	0.002856025604247847	0	0.0009240290334949031
3.002004610574254e-08	2.7868527939091083e-08	-4.6056847290771975e-07	840	-250002.7385486735	-250001.3370851207	-257481.37024659244	0	0.0029967583385916994	0	0.0006967733327313876
3.999420812778063e-08	3.858637122204349e-08	-5.887920300824361e-07	880	-250001.59355295633	-250000.98135174176	-259587.9945412214	0	0.0031374910750457084	0	0.0008507210398334828
4.579045290795594e-08	4.546479394334092e-08	-7.211564943736956e-07	920	-250001.0013001151	-250000.5668144875	-262261.065965832	0	0.0032782238131145542	0	0.0005696486468978502
5.160802992740692e-08	5.0973068894630426e-08	-8.56291110190163e-07	960	-250001.6677743041	-250000.77910436006	-264955.6180003966	0	0.0034189565524842605	0	0.0010780223754681122
6.075283948712022e-08	5.9523799212405856e-08	-9.93278878754764e-07	1000	-250002.36688318392	-250001.30390877763	-267517.12537831627	0	0.0035596892936100273	0	0.0013208946458208475
7.197121730115705e-08	7.131962186007597e-08	-1.1315063564755987e-06	1040	-250002.52622486182	-250001.41173162314	-269847.2093212219	0	0.0037004220366188365	0	0.0009091985182834798
8.338472973491109e-08	8.350840939542678e-08	-1.2705631666890636e-06	1080	-250002.6270998033	-250001.33874332992	-271989.658824863	0	0.003841154781768546	0	0.000415397482731009
9.547763785131159e-08	9.511490143970994e-08	-1.4101747767761986e-06	1120	-250002.5792507072	-250001.20494478228	-274244.8392345157	0	0.0039818875292476205	0	0.0007685501384743323
1.0533649102085818e-07	1.0439163001313889e-07	-1.5501575333537345e-06	1160	-250001.45915648228	-250000.7959201863	-276840.7407712128	0	0.004122620278864325	0	0.00046764896895540845
1.1099379787613586e-07	1.1076285938951648e-07	-1.690388576706301e-06	1200	-250001.12694777123	-250000.71970157025	-279624.21183231653	0	0.00426335303009892	0	0.0005962118103273259
1.1756743035452835e-07	1.182322930235629e-07	-1.8307857169026353e-06	1240	-250002.02876831443	-250001.10841523504	-282255.1595287634	0	0.0044040857827965805	0	0.0010956538988959902
1.285005008658763e-07	1.2904258833433646e-07	-1.9712939726477674e-06	1280	-250002.80689267116	-250001.38736700424	-284596.31794046	0	0.0045448185372593914	0	0.0010607732949056
1.4109632042744798e-07	1.4101543841785183e-07	-2.1118765619518305e-06	1320	-250002.64459479842	-250001.2629886296	-286724.73485195846	0	0.004685551293761821	0	0.0004685986912324406
1.523906984535289e-07	1.5219067037884336e-07	-2.2525088789958874e-06	1360	-250002.4735527549	-250001.28226403455	-288774.7380410347	0	0.0048262840524699166	0	0.0004699716195028084
1.6310536344707272e-07	1.6335697063720803e-07	-2.3931744637574215e-06	1400	-250002.08606618317	-250001.14907823136	-291088.7603042222	0	0.004967016813322538	0	0.0005927111785041401
1.710141694182062e-07	1.715672397598483e-07	-2.533862304250339e-06	1440	-250001.18491682145	-250000.676657952	-293690.36577636877	0	0.005107749576005657	0	0.00029361831289845367
1.7699385817278172e-07	1.77434166369274e-07	-2.67456503272592e-06	1480	-250001.5782188792	-250000.85696630663	-296316.79811315064	0	0.005248482340227355	0	0.0008560471646752583
1.86052272790847e-07	1.8639026645527902e-07	-2.815277721622654e-06	1520	-250002.44574990566	-250001.32834424204	-298786.918111575	0	0.005389215105991499	0	0.0010328744231473
1.9794490888621934e-07	1.986637809464312e-07	-2.955997074870718e-06	1560	-250002.677514937	-250001.45900607723	-301005.7076415781	0	0.005529947873570129	0	0.0006970383799392011
2.095989294468102e-07	2.1056567696541316e-07	-3.0967208872072457e-06	1600	-250002.4657632449	-250001.2434315046	-303108.6114732967	0	0.005670680643400708	0	0.00028855997680416406
2.2075584244957733e-07	2.212376974238709e-07	-3.237447682794574e-06	1640	-250002.33870445332	-250001.18882610856	-305374.86500397103	0	0.0058114134154304735	0	0.0006305579860494135
2.3039754815661845e-07	2.3084044610060205e-07	-3.3781764755203175e-06	1680	-250001.55303631496	-250000.91272809592	-307968.3880319844	0	0.005952146189395601	0	0.0003643245227169274
2.368166851596194e-07	2.3801133187823236e-07	-3.5189066037942304e-06	1720	-250001.2281913163	-250000.77810744842	-310710.32126161887	0	0.0060928789650604885	0	0.00048646138127816626
2.440983000634183e-07	2.4550511919936536e-07	-3.659637626519081e-06	1760	-250001.9966117078	-250001.09826042198	-313361.3780177643	0	0.006233611742442544	0	0.0008831383945717661
2.548764331854827e-07	2.56150305806703e-07	-3.800369248260712e-06	1800	-250002.6175657963	-250001.40144417074	-315833.01224024413	0	0.006374344521567069	0	0.0007993317724202481
2.668649591965561e-07	2.6812176245595443e-07	-3.941101270841727e-06	1840	-250002.4496205606	-250001.2830245724	-318099.1784717282	0	0.006515077302651172	0	0.0003621775941135581
2.778398612681162e-07	2.792174492605379e-07	-4.081833563587157e-06	1880	-250002.333864158	-250001.21674006648	-320294.5435637684	0	0.0066558100860170865	0	0.00039521622516778616
2.8828409788265796e-07	2.896061793427377e-07	-4.222566037011829e-06	1920	-250001.99869740347	-250001.07974874228	-322715.0022735771	0	0.006796542871605113	0	0.0004603845795558903
2.9633423071907327e-07	2.9779905768361425e-07	-4.363298631829037e-06	1960	-250001.31626579526	-250000.79466869347	-325351.78910359525	0	0.006937275658958749	0	0.00025655022572883707
3.031064025481377e-07	3.047288258329024e-07	-4.5040313089583975e-06	2000	-250001.6664781645	-250000.95556183005	-327945.2392736313	0	0.007078008447872128	0	0.0006904495096477772
3.123184246245194e-07	3.1405699626347675e-07	-4.644764040199853e-06	2040	-250002.33207044587	-250001.28946278887	-330371.03785893205	0	0.007218741238484451	0	0.0008371964761739363
3.2385448388276984e-07	3.2580756682256814e-07	-4.785496810565185e-06	2080	-250002.55095582994	-250001.33346376417	-332602.1361375924	0	0.007359474030945356	0	0.0005288767800929988
3.353277563630293e-07	3.3714775170728587e-07	-4.9262296050661694e-06	2120	-250002.40246021032	-250001.21836448985	-334729.7345469329	0	0.007500206825538193	0	0.00019096941232956503
3.462300362492482e-07	3.4787463039002666e-07	-5.066962418373661e-06	2160	-250002.25304089297	-250001.19291656822	-336954.2054821667	0	0.007640939622287153	0	0.0004817772726729713
3.5552210960559793e-07	3.5736758598045313e-07	-5.20769524549158e-06	2200	-250001.60917272337	-250000.93116485022	-339476.4892052772	0	0.00778167242095842	0	0.0002628879944707239
3.6252634212183e-07	3.64553602137492e-07	-5.348428080646684e-06	2240	-250001.44881167	-250000.841866988	-342124.042435259	0	0.007922405221305743	0	0.00045152775936427113
3.7046686169408935e-07	3.726037865958305e-07	-5.489160921618488e-06	2280	-250002.07277768967	-250001.157158041	-344686.44849920645	0	0.00806313802329126	0	0.0007596601173445285
3.809304882511873e-07	3.8339949355501343e-07	-5.629893768073923e-06	2320	-250002.50960961398	-250001.37421081183	-347076.1291323524	0	0.008203870827048746	0	0.0006506373595221651
3.9251414346540247e-07	3.95058716130064e-07	-5.770626618902744e-06	2360	-250002.4959911824	-250001.28505130424	-349315.397189036	0	0.008344603632835944	0	0.00026757829498794946
4.0378089080248175e-07	4.0597219114487274e-07	-5.911359473327783e-06	2400	-250002.39277951862	-250001.20277113613	-351559.6890776391	0	0.008485336440850267	0	0.0003550615848421278
4.139450652641369e-07	4.161410248704287e-07	-6.0520923310159685e-06	2440	-250001.8505645606	-250001.05339751588	-354016.13650079415	0	0.008626069250920203	0	0.0003900568678970583
4.2168593142782916e-07	4.244244068884456e-07	-6.192825190746029e-06	2480	-250001.4436268528	-250000.85679690965	-356669.70093813585	0	0.008766802062802977	0	0.00021702926231309427
4.2904087407681517e-07	4.319443815678094e-07	-6.333558052628993e-06	2520	-250001.78779610607	-250001.0000482393	-359299.95277398534	0	0.00890753487638918	0	0.0005882569458913738
4.3853129646756657e-07	4.414033761233374e-07	-6.474290916553828e-06	2560	-250002.3342856841	-250001.245148565	-361795.504643503	0	0.009048267691675861	0	0.0006851394818750067
4.4978140598071985e-07	4.526619316040234e-07	-6.6150237826315565e-06	2600	-250002.4728314335	-250001.31030297847	-364105.72539490176	0	0.009189000508816079	0	0.0004249375333453347
4.609411398516971e-07	4.638876192013948e-07	-6.755756650862182e-06	2640	-250002.3577950435	-250001.24450475458	-366307.78910156403	0	0.009329733328132663	0	0.00016594381703316808
4.716472957011747e-07	4.746206170743528e-07	-6.896489521356723e-06	2680	-250002.1840541353	-250001.14648581852	-368594.0802943692	0	0.009470466149615449	0	0.0003973207292040631
4.808118847955673e-07	4.838197124670919e-07	-7.0372223937821066e-06	2720	-250001.59381315336	-250000.9007497461	-371115.2698547719	0	0.009611198972996143	0	0.0001908883186538705
4.881258942259957e-07	4.912848947463261e-07	-7.177955267916284e-06	2760	-250001.56680841523	-250000.89039563085	-373695.82804892544	0	0.009751931798055096	0	0.0003942873306243992
4.964894681261627e-07	4.998920650721913e-07	-7.318688143870271e-06	2800	-250002.1041065825	-250001.1452874991	-376186.6456124682	0	0.009892664624793244	0	0.0006439585061943822
5.06939135721509e-07	5.105801002567747e-07	-7.459421021644071e-06	2840	-250002.46146488292	-250001.30942022803	-378522.9750696809	0	0.010033397453291962	0	0.0005374626469179035
5.182809517014845e-07	5.217539370639238e-07	-7.600153901459729e-06	2880	-250002.49762609263	-250001.23641485051	-380730.53917448554	0	0.01017413028379838	0	0.00020082322032638917
5.293496162903872e-07	5.326395811149145e-07	-7.740886783428267e-06	2920	-250002.32361056242	-250001.20480604845	-382948.5996223931	0	0.010314863116455613	0	0.0003193252429685126
5.393891928845998e-07	5.428131499613928e-07	-7.881619667216614e-06	2960	-250001.8507806078	-250001.0336650878	-385378.20158922486	0	0.01045559595112084	0	0.00032599092231140527
5.472958823268979e-07	5.509868246809136e-07	-8.022352553046809e-06	3000	-250001.48387222152	-250000.86027077373	-388001.2372286405	0	0.010596328787586935	0	0.00020490139530512051
5.549621370549453e-07	5.588160515704652e-07	-8.163085440585784e-06	3040	-250001.84517782516	-250001.04918264094	-390604.4389919466	0	0.010737061625759305	0	0.0005185805392910026
5.645454008083191e-07	5.6854378219881e-07	-8.303818329722507e-06	3080	-250002.28358167614	-250001.2608571935	-393094.30267755815	0	0.010877794465671792	0	0.000577899934327855
5.755536208494427e-07	5.796786802394345e-07	-8.444551221012104e-06	3120	-250002.39337147976	-250001.26724722356	-395434.17741435306	0	0.011018527307495408	0	0.0003461217959087366
5.865857861890217e-07	5.906371795987729e-07	-8.585284114121496e-06	3160	-250002.35108921645	-250001.22000902932	-397692.04934365675	0	0.011159260151455196	0	0.00014971137846761778
5.972386232520304e-07	6.012193446814322e-07	-8.726017009605803e-06	3200	-250002.14676870455	-250001.13546071405	-400037.6661298143	0	0.01129999299753539	0	0.0003466701379620035
6.06233004528314e-07	6.104333681283086e-07	-8.866749907020925e-06	3240	-250001.57272149617	-250000.91866594926	-402587.7147403891	0	0.01144072584554038	0	0.000153423651453318
6.136723858990245e-07	6.181317680426677e-07	-9.007482806033788e-06	3280	-250001.64483000993	-250000.92944600535	-405185.5804921174	0	0.011581458695277491	0	0.0003524820469016272
6.223622149274398e-07	6.269028515867975e-07	-9.148215706755419e-06	3320	-250002.13696945691	-250001.1491805967	-407689.2274362709	0	0.011722191546691577	0	0.0005565781934095636
6.329418454358675e-07	6.375252932445752e-07	-9.288948609185806e-06	3360	-250002.42467008732	-250001.29194418094	-410043.5710067123	0	0.01186292439989503	0	0.00045351152620889983
6.440200926295349e-07	6.485939590704763e-07	-9.429681513435979e-06	3400	-250002.37921649066	-250001.2213115749	-412277.3947520387	0	0.012003657255143619	0	0.0001458958262512173
6.547817395719107e-07	6.593858261607423e-07	-9.57041441995003e-06	3440	-250002.28545659137	-250001.1980012662	-414510.1726277995	0	0.012144390112520019	0	0.00027924174261728657
6.648104353899509e-07	6.694148194066109e-07	-9.711147328505909e-06	3480	-250001.88657902204	-250001.0216184136	-416931.555484593	0	0.012285122971875062	0	0.00026177048544188177
6.728386521722117e-07	6.775981012466609e-07	-9.85188023888157e-06	3520	-250001.53142415127	-250000.8788132693	-419500.30357835465	0	0.012425855833028111	0	0.00018818573830503164
6.806868889560876e-07	6.857105538366531e-07	-9.992613150854952e-06	3560	-250001.91353050031	-250001.061824647	-422043.400343584	0	0.01256658869587328	0	0.0004687293708577884
6.903354743459144e-07	6.955720555383891e-07	-1.0133346064759136e-05	3600	-250002.28834193165	-250001.24223679063	-424476.1209605146	0	0.012707321560446093	0	0.0005016371067140947
7.013366576712082e-07	7.065812424438678e-07	-1.0274078980594117e-05	3640	-250002.44094102905	-250001.23853642095	-426775.70580934215	0	0.012848054426931023	0	0.0002885712037827473
7.123506950541014e-07	7.173944850851991e-07	-1.0414811898248865e-05	3680	-250002.33889797571	-250001.20065561362	-429021.44247898145	0	0.012988787295530529	0	0.00014298379840968318
7.2282108946218e-07	7.278867927441648e-07	-1.0555544818056454e-05	3720	-250002.10809449523	-250001.12702951563	-431377.6535128756	0	0.013129520166202977	0	0.00031104280472575536
7.31672364663593e-07	7.370598977918587e-07	-1.0696277740016887e-05	3760	-250001.6193659948	-250000.92977075774	-433934.39997729065	0	0.013270253038767107	0	0.00012092679626626946
7.393881459611822e-07	7.449607878614255e-07	-1.083701066357503e-05	3800	-250001.7098020906	-250000.9348975082	-436538.354975773	0	0.013410985913098833	0	0.00032131162833453736
7.48269614717615e-07	7.538422039184702e-07	-1.0977743588952936e-05	3840	-250002.12225611927	-250001.14440990446	-439062.9074101305	0	0.013551718789156609	0	0.00048586097130404735
7.587604248423165e-07	7.644475946692089e-07	-1.1118476516150604e-05	3880	-250002.3784799287	-250001.26979297338	-441459.6836283995	0	0.01369245166703692	0	0.0003835086704785735
7.69664237231086e-07	7.754334698202375e-07	-1.1259209445390075e-05	3920	-250002.3337952831	-250001.19998819276	-443745.39725200384	0	0.01383318454694429	0	0.00011665063183386081
7.803415784269349e-07	7.860998250085725e-07	-1.1399942376893404e-05	3960	-250002.26658246762	-250001.16049294494	-446025.6505263499	0	0.013973917428985093	0	0.00025370786979117646
7.902357315053041e-07	7.959570981369115e-07	-1.1540675310327508e-05	4000	-250001.84992347332	-250001.01928612145	-448471.27863676735	0	0.01411465031301604	0	0.0002158307348620362
7.98305182590365e-07	8.043090015410067e-07	-1.1681408245692393e-05	4040	-250001.57783779688	-250000.90570236128	-451030.6771284508	0	0.014255383198849052	0	0.00017082880019379654
8.064095228225732e-07	8.126468590800043e-07	-1.1822141182432927e-05	4080	-250001.9453538208	-250001.06436360194	-453547.24738960864	0	0.014396116086378918	0	0.0004165979901912298
8.16196136276205e-07	8.22492045397272e-07	-1.196287412088218e-05	4120	-250002.29836973595	-250001.22221581405	-455954.37764995615	0	0.014536848975649216	0	0.0004356042122671843
8.271244319160283e-07	8.333762626209751e-07	-1.2103607061262208e-05	4160	-250002.3907808779	-250001.2240125382	-458239.9275417308	0	0.014677581866843807	0	0.00023663251652775052
8.379645396707769e-07	8.441547531750952e-07	-1.224434000368403e-05	4200	-250002.29372920867	-250001.184623987	-460479.96524097305	0	0.01481831476013443	0	0.00013583449555422611
8.482793246030383e-07	8.545605976678918e-07	-1.2385072948258666e-05	4240	-250002.10173301838	-250001.09435550522	-462824.8976346298	0	0.014959047655452182	0	0.0002723092945218746
8.571832998306027e-07	8.636300498265692e-07	-1.2525805894653041e-05	4280	-250001.67914864275	-250000.9260703269	-465356.1697880302	0	0.015099780552644632	0	0.00010038928163281333
8.651307281241412e-07	8.717002588279225e-07	-1.266653884297818e-05	4320	-250001.76056507125	-250000.96657016024	-467926.39269293984	0	0.015240513451600792	0	0.0003008553481972535
8.74068994772681e-07	8.807811108056058e-07	-1.280727179301203e-05	4360	-250002.12283867793	-250001.15707069222	-470428.1959303643	0	0.015381246352295406	0	0.00043227912226749787
8.844446873162825e-07	8.913784822577641e-07	-1.2948004744643562e-05	4400	-250002.37137736156	-250001.252026773	-472814.4390884883	0	0.015521979254815677	0	0.00033014238673124947
8.953488103103228e-07	9.022406416468062e-07	-1.3088737698316877e-05	4440	-250002.34386779726	-250001.19827524084	-475108.59023313696	0	0.01566271215936764	0	9.270838589464626e-05
9.060244376285288e-07	9.127909481207206e-07	-1.322947065425402e-05	4480	-250002.22815711892	-250001.14724891674	-477417.2983415662	0	0.015803445066032755	0	0.00023626961804974671
9.156979270522587e-07	9.225708607183212e-07	-1.3370203612232944e-05	4520	-250001.8077316024	-250001.01601470052	-479887.65080561175	0	0.015944177974666157	0	0.00018294405256682518
9.238069217654454e-07	9.310332227943328e-07	-1.351093657180954e-05	4560	-250001.65086973054	-250000.92645807716	-482462.25590642996	0	0.016084910885121297	0	0.00016188779980572845
9.32169992194509e-07	9.395232952394896e-07	-1.3651669533538939e-05	4600	-250001.97715032953	-250001.04988245232	-484993.4600708789	0	0.016225643797304776	0	0.0003747917107639513
9.420459732405415e-07	9.493697566428291e-07	-1.3792402496754982e-05	4640	-250002.292603197	-250001.2083337016	-487421.7151306152	0	0.016366376711251393	0	0.00038409727250545144
9.528489454276504e-07	9.601787321050347e-07	-1.3933135461901768e-05	4680	-250002.34672563177	-250001.2095390489	-489735.82980411	0	0.01650710962713358	0	0.0001948237585675463
9.63516867553839e-07	9.70928095181893e-07	-1.4073868429312376e-05	4720	-250002.28126285103	-250001.18508315348	-491998.6701934356	0	0.01664784254510871	0	0.0001307229878507978
9.737601093939524e-07	9.812360967634127e-07	-1.4214601398320647e-05	4760	-250002.08284167276	-250001.08717195003	-494355.47797517496	0	0.016788575465111977	0	0.000234110245744427
9.826731450099292e-07	9.902207378790614e-07	-1.4355334369703758e-05	4800	-250001.6922922384	-250000.9218193082	-496871.38563991233	0	0.01692930838698531	0	7.896773609346333e-05
9.907291806982602e-07	9.984480957316248e-07	-1.4496067342573503e-05	4840	-250001.8132688165	-250000.99144050464	-499405.3670986965	0	0.01707004131061151	0	0.00028126511891611464
9.997967727976762e-07	1.007697358399524e-06	-1.463680031726296e-05	4880	-250002.1352179048	-250001.15757953082	-501868.9948777284	0	0.01721077423596834	0	0.00038565308582276097
1.0101925068637676e-06	1.0182621356644792e-06	-1.4777533293661102e-05	4920	-250002.3635362399	-250001.22663606974	-504220.8740225873	0	0.017351507163157767	0	0.00028753740718594255
1.021051067937667e-06	1.0289753903575137e-06	-1.4918266272212023e-05	4960	-250002.3441104708	-250001.1936486733	-506496.70747474144	0	0.01749224009238133	0	7.7221210590203e-05
1.0316387668482237e-06	1.039477283025786e-06	-1.5058999252582645e-05	5000	-250002.19695195698	-250001.14207776554	-508803.9665173518	0	0.017632973023673483	0	0.00021942782033601349
1.0411889634968638e-06	1.0492399175639341e-06	-1.5199732235106048e-05	5040	-250001.7927744621	-250001.0176347044	-511273.3438698813	0	0.01777370595690443	0	0.00015745909620163684
1.0494046425424613e-06	1.0577231975396517e-06	-1.53404652192271e-05	5080	-250001.70380896723	-250000.93629836157	-513840.83943248255	0	0.01791443889196024	0	0.00015768366326536924
